# eu_railways_nld — SEAMLESS input edge list
# generated: 2026-09-07
# N=517 E=663
1 2 1
1 323 1
2 251 1
2 256 1
3 323 1
3 460 1
4 228 1
4 383 1
5 8 1
5 231 1
6 8 1
6 378 1
7 8 1
7 10 1
7 32 1
7 132 1
7 269 1
7 285 1
7 407 1
8 32 1
8 407 1
9 10 1
9 383 1
10 12 1
10 228 1
11 14 1
11 275 1
12 13 1
13 387 1
14 54 1
15 110 1
15 127 1
15 131 1
15 471 1
15 474 1
15 475 1
15 476 1
16 109 1
16 110 1
16 467 1
17 18 1
17 29 1
17 107 1
17 467 1
18 36 1
19 32 1
19 278 1
20 21 1
20 36 1
20 100 1
21 35 1
22 24 1
22 28 1
22 104 1
22 380 1
23 27 1
23 140 1
24 126 1
25 33 1
25 63 1
26 74 1
26 128 1
27 31 1
27 73 1
27 129 1
28 30 1
28 107 1
28 126 1
29 107 1
29 109 1
29 467 1
30 34 1
31 144 1
32 41 1
32 285 1
34 101 1
37 39 1
37 302 1
38 305 1
38 306 1
39 42 1
40 45 1
40 306 1
41 80 1
42 44 1
43 47 1
43 300 1
45 46 1
47 354 1
47 398 1
48 55 1
48 80 1
49 50 1
49 279 1
49 335 1
50 52 1
51 54 1
51 344 1
52 53 1
53 56 1
54 56 1
55 57 1
57 59 1
58 60 1
58 340 1
58 342 1
58 343 1
58 345 1
58 347 1
59 465 1
60 61 1
61 342 1
61 347 1
61 353 1
62 63 1
62 133 1
63 75 1
63 123 1
63 124 1
63 127 1
63 131 1
64 65 1
64 481 1
65 66 1
65 67 1
65 75 1
65 124 1
65 131 1
65 476 1
65 477 1
66 75 1
67 68 1
67 74 1
68 69 1
69 70 1
70 71 1
71 490 1
72 73 1
72 136 1
72 137 1
75 122 1
75 123 1
75 477 1
76 77 1
76 420 1
77 79 1
77 87 1
77 411 1
77 415 1
78 87 1
78 111 1
79 81 1
81 83 1
81 84 1
81 86 1
82 83 1
82 120 1
83 84 1
84 86 1
84 114 1
84 117 1
84 119 1
84 459 1
85 116 1
85 119 1
86 119 1
86 155 1
86 176 1
88 257 1
88 258 1
89 252 1
89 253 1
89 255 1
90 238 1
90 239 1
91 99 1
91 247 1
92 97 1
92 98 1
93 94 1
93 99 1
94 96 1
95 447 1
95 455 1
96 180 1
96 245 1
97 99 1
100 422 1
101 102 1
103 132 1
103 419 1
104 105 1
104 380 1
105 377 1
106 113 1
106 399 1
108 130 1
108 440 1
109 110 1
111 252 1
112 114 1
112 457 1
113 125 1
114 459 1
115 116 1
115 249 1
116 237 1
117 118 1
120 252 1
121 122 1
121 123 1
122 473 1
122 477 1
123 124 1
123 131 1
123 469 1
123 476 1
123 477 1
124 131 1
124 469 1
124 476 1
124 477 1
125 177 1
126 127 1
127 474 1
127 476 1
128 129 1
130 166 1
130 273 1
131 476 1
131 477 1
132 166 1
132 269 1
132 285 1
133 134 1
134 475 1
135 136 1
135 492 1
137 138 1
138 139 1
140 141 1
141 142 1
142 143 1
144 382 1
145 382 1
145 384 1
146 147 1
146 148 1
146 174 1
146 175 1
147 149 1
147 174 1
147 175 1
148 151 1
149 150 1
150 152 1
151 153 1
152 154 1
153 157 1
154 155 1
156 157 1
156 188 1
158 161 1
158 165 1
159 161 1
159 181 1
160 165 1
162 163 1
162 183 1
163 164 1
164 244 1
166 273 1
167 186 1
168 170 1
168 186 1
169 171 1
169 187 1
170 172 1
171 184 1
172 185 1
173 174 1
173 185 1
174 175 1
175 184 1
176 192 1
177 269 1
177 270 1
178 179 1
178 191 1
179 183 1
180 195 1
180 245 1
181 193 1
182 202 1
182 266 1
188 190 1
189 197 1
189 285 1
190 194 1
190 195 1
191 193 1
192 241 1
193 194 1
194 195 1
196 198 1
197 231 1
198 199 1
199 203 1
200 203 1
200 217 1
201 203 1
201 280 1
202 210 1
204 212 1
205 206 1
205 212 1
206 207 1
207 209 1
208 209 1
209 219 1
210 228 1
211 212 1
211 213 1
213 214 1
214 215 1
214 216 1
215 218 1
216 217 1
218 220 1
219 220 1
220 221 1
221 222 1
222 223 1
223 224 1
224 225 1
225 227 1
226 227 1
226 280 1
227 229 1
229 279 1
230 303 1
230 335 1
232 233 1
233 460 1
234 367 1
234 465 1
235 236 1
235 367 1
236 464 1
237 238 1
239 242 1
240 242 1
240 243 1
241 245 1
246 247 1
246 248 1
249 255 1
250 254 1
250 415 1
251 256 1
251 266 1
253 257 1
254 258 1
256 259 1
259 260 1
260 262 1
260 265 1
260 301 1
261 268 1
261 372 1
262 263 1
263 264 1
263 267 1
264 301 1
265 266 1
267 281 1
268 277 1
269 285 1
270 272 1
271 272 1
271 275 1
273 274 1
274 276 1
274 278 1
276 462 1
277 297 1
277 313 1
281 282 1
282 283 1
282 301 1
283 284 1
284 285 1
286 287 1
286 288 1
286 354 1
287 288 1
287 359 1
287 360 1
288 422 1
288 424 1
289 290 1
289 337 1
290 291 1
291 292 1
292 296 1
293 294 1
294 295 1
295 507 1
296 506 1
297 303 1
298 306 1
298 497 1
299 300 1
299 302 1
299 504 1
300 304 1
300 502 1
301 307 1
301 511 1
304 305 1
307 309 1
307 310 1
307 314 1
307 511 1
308 310 1
308 315 1
309 312 1
310 311 1
311 314 1
312 496 1
313 324 1
314 325 1
314 494 1
315 515 1
315 517 1
316 317 1
316 322 1
316 516 1
317 319 1
317 325 1
318 321 1
318 322 1
318 502 1
319 326 1
320 321 1
320 330 1
321 322 1
321 498 1
322 325 1
322 361 1
322 498 1
322 502 1
322 516 1
324 327 1
325 326 1
325 495 1
327 339 1
328 329 1
328 334 1
329 330 1
331 332 1
331 333 1
332 351 1
332 352 1
332 388 1
332 389 1
333 349 1
333 391 1
333 392 1
334 352 1
336 337 1
338 341 1
338 342 1
338 345 1
339 344 1
340 342 1
340 343 1
341 343 1
342 345 1
343 345 1
343 346 1
343 349 1
345 349 1
346 512 1
346 516 1
347 353 1
347 435 1
348 350 1
348 353 1
349 351 1
350 351 1
351 352 1
354 355 1
354 398 1
355 356 1
356 357 1
357 358 1
358 359 1
359 360 1
360 437 1
361 441 1
361 478 1
362 378 1
362 433 1
363 364 1
363 432 1
364 379 1
365 369 1
365 431 1
365 433 1
366 368 1
366 432 1
366 434 1
368 373 1
368 444 1
369 461 1
370 371 1
370 379 1
370 444 1
371 374 1
372 383 1
373 374 1
373 444 1
375 377 1
375 381 1
376 380 1
376 386 1
379 386 1
381 385 1
385 456 1
387 390 1
388 394 1
389 393 1
389 403 1
390 399 1
391 403 1
392 398 1
393 395 1
394 396 1
395 397 1
396 397 1
397 401 1
398 400 1
400 404 1
401 402 1
402 404 1
405 406 1
405 408 1
405 463 1
406 411 1
406 421 1
407 412 1
408 410 1
409 411 1
409 464 1
410 413 1
411 415 1
411 421 1
412 428 1
413 414 1
414 418 1
416 417 1
416 421 1
417 418 1
418 420 1
418 445 1
419 423 1
422 425 1
423 428 1
424 426 1
425 429 1
426 427 1
427 430 1
429 430 1
430 431 1
430 432 1
431 433 1
432 434 1
435 438 1
436 468 1
436 505 1
437 438 1
437 439 1
438 439 1
439 441 1
439 442 1
440 447 1
440 453 1
441 442 1
442 479 1
443 445 1
443 455 1
444 446 1
444 448 1
445 446 1
446 448 1
448 449 1
449 450 1
450 451 1
451 452 1
452 454 1
453 461 1
454 457 1
456 458 1
458 459 1
461 468 1
462 463 1
466 469 1
466 472 1
466 478 1
467 470 1
467 471 1
469 470 1
469 472 1
469 477 1
470 474 1
470 477 1
471 474 1
472 473 1
473 474 1
474 476 1
474 477 1
476 477 1
479 480 1
480 482 1
480 484 1
481 482 1
482 483 1
482 484 1
483 484 1
483 493 1
484 485 1
485 486 1
486 487 1
487 488 1
488 489 1
489 490 1
490 491 1
491 492 1
494 495 1
495 496 1
495 498 1
496 499 1
497 500 1
498 499 1
498 502 1
499 501 1
499 502 1
500 501 1
500 502 1
502 516 1
503 504 1
506 512 1
507 508 1
508 510 1
509 511 1
509 513 1
510 511 1
510 515 1
512 516 1
513 514 1
514 516 1
515 517 1
