# eu_powergrid_paris — SEAMLESS input edge list
# generated: 2026-09-07
# N=548 E=691
1 257 1
2 92 1
3 83 1
3 167 1
4 32 1
5 545 1
5 546 1
6 8 1
6 510 1
6 533 1
7 61 1
7 507 1
7 528 1
7 530 1
9 76 1
9 264 1
10 42 1
10 51 1
10 52 1
10 53 1
10 54 1
10 164 1
10 227 1
10 233 1
10 234 1
10 335 1
10 491 1
10 496 1
10 497 1
10 503 1
10 505 1
10 506 1
11 91 1
12 546 1
13 14 1
14 264 1
15 16 1
16 264 1
17 18 1
17 229 1
17 453 1
18 120 1
18 187 1
19 32 1
19 535 1
20 319 1
20 320 1
21 23 1
21 70 1
22 353 1
23 546 1
24 228 1
24 546 1
25 221 1
25 546 1
26 532 1
27 199 1
27 546 1
28 511 1
28 520 1
28 546 1
29 30 1
29 198 1
30 221 1
30 232 1
30 546 1
31 197 1
31 199 1
31 490 1
31 546 1
32 38 1
32 40 1
32 50 1
32 55 1
32 269 1
32 270 1
32 271 1
32 314 1
32 323 1
32 371 1
33 227 1
33 505 1
33 546 1
34 35 1
34 36 1
35 138 1
36 102 1
37 39 1
37 190 1
37 455 1
38 42 1
39 189 1
39 190 1
40 41 1
40 325 1
40 326 1
40 535 1
41 324 1
43 44 1
43 171 1
43 300 1
45 46 1
45 277 1
45 433 1
45 445 1
45 446 1
45 447 1
45 462 1
45 477 1
46 446 1
47 83 1
47 285 1
48 49 1
48 229 1
49 237 1
49 522 1
50 321 1
51 544 1
52 222 1
53 215 1
54 56 1
55 56 1
55 497 1
57 83 1
57 246 1
58 62 1
58 174 1
59 288 1
59 289 1
60 232 1
60 546 1
61 64 1
62 127 1
62 173 1
63 252 1
63 499 1
63 536 1
64 220 1
64 348 1
65 66 1
65 68 1
65 234 1
66 67 1
66 231 1
67 68 1
67 164 1
68 500 1
69 77 1
69 332 1
70 71 1
71 200 1
72 83 1
72 196 1
73 74 1
73 90 1
73 145 1
74 96 1
75 76 1
76 91 1
76 93 1
76 226 1
76 266 1
76 267 1
77 151 1
77 272 1
78 79 1
78 80 1
78 86 1
78 212 1
79 82 1
79 97 1
79 211 1
80 81 1
81 85 1
81 212 1
82 94 1
82 211 1
83 160 1
83 173 1
83 174 1
83 176 1
83 179 1
83 180 1
83 184 1
83 185 1
83 245 1
83 274 1
83 279 1
83 298 1
83 322 1
83 449 1
83 450 1
84 87 1
84 92 1
84 100 1
84 101 1
84 102 1
84 103 1
84 104 1
86 211 1
87 256 1
88 89 1
88 225 1
88 276 1
89 277 1
90 145 1
90 154 1
90 266 1
92 98 1
92 142 1
92 181 1
92 188 1
92 195 1
92 196 1
92 218 1
92 256 1
92 284 1
93 225 1
94 95 1
95 462 1
96 97 1
97 461 1
98 104 1
99 100 1
99 101 1
100 106 1
100 210 1
100 290 1
102 153 1
103 153 1
105 107 1
105 108 1
105 110 1
106 117 1
107 109 1
108 288 1
109 310 1
110 193 1
111 112 1
111 113 1
111 114 1
111 115 1
111 116 1
112 305 1
114 414 1
115 305 1
116 259 1
117 201 1
117 210 1
118 494 1
119 213 1
119 276 1
119 548 1
120 128 1
120 204 1
121 122 1
121 394 1
122 136 1
122 137 1
122 386 1
122 388 1
122 389 1
122 405 1
123 124 1
123 485 1
124 126 1
124 131 1
124 168 1
124 186 1
124 207 1
124 208 1
124 241 1
124 466 1
125 286 1
125 485 1
126 451 1
127 453 1
128 187 1
128 515 1
128 516 1
128 518 1
129 130 1
129 182 1
129 253 1
130 178 1
131 209 1
132 133 1
132 405 1
133 134 1
133 437 1
134 405 1
135 284 1
136 253 1
137 178 1
138 139 1
140 141 1
140 154 1
142 201 1
143 144 1
143 145 1
143 146 1
143 216 1
144 219 1
144 223 1
145 146 1
147 273 1
147 329 1
147 331 1
148 149 1
149 442 1
150 314 1
152 161 1
152 292 1
153 155 1
153 156 1
155 258 1
155 304 1
157 158 1
157 251 1
157 465 1
159 162 1
159 475 1
160 184 1
161 172 1
162 241 1
163 331 1
165 166 1
165 233 1
166 169 1
166 231 1
166 334 1
167 168 1
167 244 1
168 244 1
170 181 1
170 195 1
171 247 1
172 297 1
174 175 1
174 176 1
174 180 1
174 202 1
174 265 1
175 177 1
176 204 1
177 178 1
177 265 1
179 204 1
180 255 1
182 183 1
182 254 1
183 255 1
184 185 1
185 243 1
185 296 1
186 454 1
188 245 1
189 191 1
191 192 1
191 307 1
191 309 1
194 455 1
197 198 1
197 399 1
197 445 1
199 214 1
200 264 1
201 205 1
202 203 1
203 254 1
205 291 1
206 207 1
206 464 1
214 228 1
214 546 1
215 224 1
216 457 1
217 222 1
217 501 1
217 504 1
218 230 1
220 347 1
222 502 1
224 542 1
225 226 1
228 282 1
228 351 1
229 286 1
230 249 1
233 334 1
233 543 1
235 286 1
235 532 1
236 237 1
236 286 1
238 239 1
238 240 1
238 454 1
239 240 1
239 382 1
240 531 1
242 243 1
242 531 1
246 299 1
246 302 1
247 248 1
247 295 1
248 292 1
249 293 1
249 294 1
250 257 1
250 285 1
251 465 1
252 500 1
258 259 1
260 261 1
260 283 1
261 331 1
262 343 1
262 344 1
262 508 1
263 264 1
263 526 1
264 540 1
264 541 1
267 268 1
268 277 1
273 275 1
273 371 1
274 292 1
275 330 1
275 331 1
276 278 1
277 428 1
277 460 1
280 281 1
280 353 1
281 282 1
283 315 1
283 316 1
283 317 1
283 360 1
283 371 1
286 382 1
286 442 1
286 443 1
286 444 1
286 522 1
287 292 1
292 293 1
292 294 1
292 295 1
292 322 1
297 298 1
299 300 1
299 301 1
300 302 1
301 302 1
303 314 1
303 331 1
305 306 1
305 308 1
306 307 1
307 308 1
307 310 1
311 312 1
311 313 1
311 317 1
311 331 1
318 319 1
318 321 1
318 472 1
318 491 1
319 320 1
320 544 1
321 544 1
324 494 1
325 403 1
325 425 1
326 403 1
326 425 1
327 331 1
328 331 1
329 374 1
330 332 1
331 374 1
331 379 1
331 386 1
331 393 1
331 395 1
331 406 1
332 333 1
335 336 1
335 503 1
336 456 1
337 338 1
338 340 1
338 361 1
338 363 1
338 364 1
338 365 1
338 367 1
338 504 1
339 340 1
339 341 1
340 373 1
340 375 1
340 376 1
341 342 1
341 524 1
341 525 1
341 542 1
343 367 1
345 346 1
345 505 1
346 355 1
346 361 1
346 366 1
347 348 1
347 505 1
347 530 1
349 505 1
350 351 1
350 493 1
351 368 1
351 369 1
351 478 1
352 353 1
353 354 1
353 355 1
353 400 1
353 479 1
353 480 1
353 481 1
353 482 1
355 492 1
355 527 1
356 357 1
356 361 1
358 359 1
358 361 1
358 362 1
360 371 1
360 383 1
362 363 1
362 364 1
364 374 1
365 456 1
366 367 1
368 370 1
368 399 1
368 401 1
368 440 1
369 402 1
370 372 1
373 374 1
373 376 1
374 375 1
374 377 1
374 378 1
374 379 1
374 392 1
374 406 1
375 390 1
377 495 1
378 512 1
380 381 1
381 384 1
381 385 1
383 394 1
385 386 1
385 387 1
386 387 1
386 388 1
386 404 1
387 388 1
387 404 1
389 390 1
389 391 1
396 397 1
396 398 1
396 399 1
397 428 1
399 400 1
399 445 1
399 483 1
403 414 1
407 408 1
407 409 1
407 410 1
407 411 1
407 413 1
407 415 1
407 416 1
407 420 1
407 424 1
408 410 1
408 435 1
408 521 1
409 412 1
409 417 1
409 422 1
409 426 1
411 433 1
411 434 1
412 413 1
413 423 1
415 416 1
415 417 1
416 421 1
417 418 1
419 420 1
419 431 1
419 435 1
419 438 1
419 448 1
419 459 1
421 422 1
424 514 1
424 517 1
425 436 1
426 519 1
427 428 1
428 429 1
428 439 1
428 441 1
428 470 1
429 430 1
431 432 1
431 433 1
433 439 1
433 447 1
434 498 1
438 445 1
438 469 1
438 488 1
438 489 1
442 451 1
442 487 1
444 485 1
445 467 1
445 468 1
445 469 1
445 470 1
445 473 1
445 484 1
446 476 1
452 453 1
457 458 1
460 470 1
460 474 1
463 464 1
465 466 1
468 469 1
471 504 1
471 524 1
475 476 1
478 529 1
486 487 1
486 521 1
492 493 1
496 501 1
499 500 1
501 502 1
502 542 1
505 506 1
505 508 1
505 511 1
505 546 1
506 507 1
509 537 1
509 546 1
510 533 1
510 547 1
513 520 1
513 546 1
514 515 1
516 517 1
516 519 1
517 518 1
518 519 1
522 523 1
524 525 1
526 538 1
526 546 1
528 536 1
533 534 1
537 539 1
538 540 1
546 547 1
546 548 1
