# us_powergrid_san_francisco — SEAMLESS input edge list
# generated: 2026-09-07
# N=135 E=163
1 11 1
1 18 1
1 37 1
1 47 1
1 111 1
1 119 1
2 3 1
2 116 1
2 122 1
3 5 1
4 22 1
4 33 1
4 36 1
4 61 1
4 67 1
4 96 1
4 102 1
5 104 1
6 60 1
7 8 1
7 20 1
8 66 1
8 81 1
9 112 1
10 44 1
10 115 1
11 62 1
11 104 1
11 111 1
12 82 1
12 103 1
12 113 1
13 95 1
13 104 1
14 15 1
14 65 1
14 112 1
15 17 1
15 65 1
15 72 1
15 112 1
15 130 1
16 32 1
16 35 1
16 64 1
17 36 1
17 65 1
17 72 1
17 112 1
18 69 1
18 73 1
19 36 1
19 114 1
19 124 1
20 81 1
20 98 1
21 22 1
21 49 1
21 133 1
22 49 1
23 42 1
23 76 1
24 47 1
24 117 1
25 97 1
25 114 1
26 44 1
26 64 1
27 41 1
27 74 1
27 120 1
28 36 1
29 44 1
29 115 1
30 46 1
30 53 1
30 54 1
30 94 1
31 118 1
32 95 1
33 46 1
34 74 1
36 60 1
36 65 1
36 85 1
36 88 1
36 124 1
37 39 1
37 70 1
38 39 1
38 58 1
38 108 1
39 74 1
39 104 1
39 120 1
40 112 1
41 120 1
42 67 1
43 56 1
43 75 1
43 109 1
44 45 1
44 68 1
44 95 1
44 104 1
44 107 1
45 81 1
45 98 1
47 104 1
48 68 1
48 83 1
49 61 1
50 57 1
50 80 1
51 55 1
51 85 1
51 121 1
52 75 1
53 106 1
53 118 1
54 109 1
55 99 1
56 99 1
56 102 1
57 63 1
57 71 1
58 79 1
59 104 1
60 118 1
62 77 1
63 91 1
63 123 1
64 84 1
64 100 1
64 135 1
66 67 1
67 92 1
69 103 1
69 129 1
69 134 1
71 76 1
71 90 1
72 130 1
73 125 1
73 128 1
75 86 1
76 80 1
78 98 1
81 101 1
81 126 1
84 127 1
84 132 1
86 105 1
86 114 1
87 89 1
87 101 1
88 124 1
89 100 1
92 93 1
94 97 1
95 104 1
96 131 1
107 110 1
